1513291
2512042
821458
322333
325375
319459
333458
342167
335000
335208
330166
439167
358542
323334
324208
327084
323209
323666
323167
323542
328583
323125
323250
323167
323708
323084
323125
323208
323042
323167
323458
323625
328917
323125
323375
325792
323125
346250
350792
377334
335000
335000
331917
323541
327833
323375
323750
320542
315042
314792
312166
312125
312125
312209
314833
312458
315167
312125
312166
316583
312125
322292
327083
333709
323083
329916
325000
327375
336042
343458
329375
323500
334375
312208
312167
312125
312125
312167
312208
312166
312166
312125
312167
318542
316959
313375
312208
312291
312166
312250
312250
312125
312291
312208
320625
323541
331000
335667
315291
324125
333500
312166
312208
312125
312292
312209
312125
312167
332625
335084
328167
312250
312292
312166
331958
335833
335083
328583
322541
326334
312625
317833
313541
316000
315125
312167
318834
316833
312167
319709
312166
313500
319416
329209
316000
315083
312125
320000
312208
312125
312209
312291
312208
312292
327166
324875
312250
314833
312125
312167
314834
312125
312125
312292
314875
312167
312208
315833
312125
312167
314875
312125
312166
312208
313709
375541
343084
332041
433083
489042
315958
318750
312167
312125
312125
312166
312125
315084
315417
312125
312125
312167
312125
315167
312083
312167
312167
312125
315000
325083
312167
312208
312084
312208
312333
312292
314000
317958
317333
321958
312125
312125
314958
312125
312125
312167
321125
312167
312292
312167
312125
312125
312167
312167
312125
314792
312125
312125
353416
323042
323083
327125
323083
331375
326083
323084
331292
347792
328834
329125
318750
326458
312125
315125
312125
312125
312167
322250
312125
315042
315083
320416
312208
312250
312125
312375
312292
316917
315750
321959
323958
316208
312291
314917
320250
320375
322625
319250
314875
313125
329666
331625
334667
333584
330125
336250
334833
332875
349500
329208
327958
317709
323625
312333
317667
312166
315041
315208
312125
312125
312125
312125
315125
312125
312208
312083
312125
312167
314875
312125
312167
312125
324375
328167
337458
312167
312209
312167
312209
312292
312250
322000
312250
312292
331583
346125
345541
328333
343750
350417
348583
312167
312125
314875
312125
312167
312125
312125
313292
314875
312125
345125
342208
320542
314875
321083
312959
312167
313416
315125
312166
315000
312209
312083
312125
312209
312125
312250
314875
312125
312167
312125
312875
318500
314834
329292
312250
312125
312167
312167
312417
312209
322375
327166
321542
312125
316750
312125
314833
312208
312125
312125
312209
314875
312125
312125
312125
312125
312167
312250
312125
314875
312125
312125
352333
323500
323250
325708
323125
323250
325917
336958
337292
359833
360792
464375
347166
314792
312208
312125
312083
312209
315083
312166
312125
313584
320125
312334
312083
312208
318667
322167
325250
338541
316750
315083
315083
312125
312125
312167
312084
314875
312166
312125
312167
312166
312125
314792
312167
312125
312125
316834
333583
312583
312292
334959
323000
327916
330250
320167
317792
318542
312125
312167
312083
312166
312166
312125
312292
312125
312167
312125
315083
312125
312167
317791
312125
312167
312208
314833
312209
312167
312167
312167
314042
312209
323000
325583
314875
327583
312125
314875
314834
314167
315667
315542
312125
312208
312125
312167
312125
312125
312167
312125
312208
321083
312167
312166
339541
337333
324209
312167
324792
333000
325042
330000
334250
324459
312042
312167
312167
312125
314875
312125
314792
312125
312167
312166
314875
312166
312125
317167
312250
312125
312166
312166
312250
312334
319875
312250
320875
312333
325000
323708
312333
312375
312291
312250
312375
317000
318208
312125
312125
316041
312167
312083
312167
314833
312125
312125
341000
336209
326917
314750
318166
312125
315125
312125
312125
312208
312084
316833
315083
312125
312166
312125
312125
312166
312250
315084
312208
312167
312125
312250
322167
312208
312167
312125
312209
312208
312167
312292
321375
316333
316500
314875
312125
315125
314916
312125
312125
312125
312167
312125
316375
312125
312125
312166
312125
312166
314875
312125
312166
351125
345125
317291
317792
315166
312792
312083
312167
313833
317292
312167
312125
312167
312125
315083
312209
321541
312125
312166
325584
312167
312125
314833
312292
322167
312208
312167
312208
312209
312208
312333
328250
320625
330500
314833
312125
312167
314833
312084
312125
312208
314833
312125
312166
312125
312125
312208
314750
312167
312166
314834
312125
312167
412958
360375
320292
312166
317667
312166
315083
314083
315834
312125
312166
312125
314833
312167
312166
312042
312167
313333
325750
326083
323458
326000
328750
339917
312250
312208
312125
322750
315250
313042
312708
314333
312917
312958
313125
313000
313458
312666
313917
313917
313416
313334
314791
314208
314958
316083
315917
315375
314458
314834
316291
317042
327625
340125
351333
320375
324167
325417
314625
312125
317833
312125
315084
312083
312167
312125
312125
328583
325625
323125
323000
323125
331542
328208
326000
323208
323208
323292
325291
320292
312208
312416
313375
329875
331708
318417
324708
325125
331750
313334
312250
312333
312250
312417
312334
314750
312166
312125
312167
312208
312209
314833
312166
312167
338958
329375
330292
319083
325167
312125
312125
324792
320583
312083
312167
312125
329084
314833
312125
312167
322500
312125
312166
314834
312125
312166
315167
318250
325542
312208
312250
312125
312208
312292
312208
312292
312208
312208
312125
312250
312417
312250
312209
312208
318208
320458
325792
312125
312208
314834
312167
312125
316708
312125
316000
314833
312083
349167
345541
316750
320958
315042
312125
312125
312125
312125
315125
315042
319708
315708
312125
332250
317750
312291
315500
312084
312166
312125
312125
312166
325250
312209
312291
312125
312250
312125
312250
312250
326708
314042
326833
321333
314834
312125
312250
312208
312084
312125
312250
313708
312125
312125
312208
312084
312125
314916
312125
314833
312167
312125
337750
332333
324458
312208
312125
312166
312125
315542
315083
312125
312083
312208
312125
312166
314834
312167
312125
315250
318167
312125
314833
312125
312125
325625
312167
320500
329292
315750
312209
312334
312208
322000
320958
314917
312125
312167
312208
312125
312167
314917
312125
312125
312167
312125
312167
314791
312125
312167
312042
312291
312125
314916
313041
356209
324958
334334
325166
328042
318167
312083
315208
315167
312083
312125
315042
312125
312167
312125
312167
312125
315041
312167
312125
312167
312125
312125
317875
312209
312208
312125
312250
312167
312333
312583
314084
327166
323667
312125
312167
314792
312125
312166
312125
312125
312250
314875
312125
312125
312166
312125
312125
312291
312250
314833
312167
334208
441625
322084
326167
325833
321375
323708
318750
331042
336292
324000
323500
323292
323083
326084
323417
312125
312125
312167
312125
312083
314917
312125
320125
312208
312250
312125
321334
313250
312291
312250
316250
318958
325417
312125
312125
312166
314834
313833
335000
329917
339958
321250
320875
323042
323583
331625
312125
312084
