1228542
5510708
2640375
313541
312208
312250
312292
314792
312125
314833
373875
329292
379875
333542
323250
323042
339250
357917
354708
661291
412000
393083
368916
334417
312166
312125
312167
312125
312208
399584
353708
339375
312125
322500
325416
312208
312292
336250
351208
389708
354042
401333
312125
312250
312167
343667
352750
312167
312167
312125
312250
312083
339000
335750
333541
384792
405750
445875
425334
392500
401458
312166
312209
384583
328542
312125
362834
312166
399917
314625
312125
312167
312125
312125
312208
315125
392167
312208
312083
402375
367458
312125
312250
312250
325042
312375
324167
384917
398167
376041
312167
312167
354375
312167
312125
312166
312167
325667
314916
312125
312125
312167
375459
312166
398625
312166
313709
462583
414625
404667
312209
312167
312125
315250
312292
398250
329458
312125
312166
312125
312125
312125
399458
312125
312166
312125
312167
312166
332500
395667
397875
312125
318333
326167
314417
374625
428750
416042
312167
389041
312209
312166
313083
412875
312208
312166
312125
312125
312167
312125
312125
337958
312125
370416
324167
346750
430541
374792
348292
393750
312167
411125
319583
326875
331125
326708
327542
324458
323416
320125
326750
322917
333167
321084
325125
315625
312583
320958
325375
326458
331041
316000
335625
321166
325250
342542
358583
357500
326917
341833
323292
324250
327916
320000
321750
318250
323542
353166
312292
312458
314083
312417
335625
323000
333250
321375
355667
347250
341083
341209
323292
321791
329708
328000
335417
348667
312208
316750
403167
312125
376166
312125
312125
312208
312083
312167
367250
312125
356084
346458
312208
312250
374625
315125
338000
394792
351291
375875
315167
312167
314875
312125
312125
312167
314792
312166
312167
316458
312167
312125
365916
312125
312166
346500
313792
340791
351125
333083
333542
329958
335000
334500
335833
337333
353875
323083
393375
341208
343417
475250
377959
374291
392500
385500
312167
312083
315667
364875
353958
317583
312167
323125
313000
312375
319958
413167
417875
402708
312125
312209
398166
312125
312167
312125
312125
312167
314791
312125
312167
312167
312083
312208
371417
329833
314750
419042
312166
312125
386709
312125
312166
312125
312167
312125
366209
369833
312125
312542
365417
312125
396292
312166
312125
312167
312125
312125
314916
373334
400666
312167
312166
312208
315583
408583
342584
312167
312125
318250
314875
312125
312125
312125
312167
312125
314875
312125
312125
312125
312208
312125
355167
312166
331917
312125
337958
441667
388000
312208
327959
312166
312500
312125
360417
312125
312125
313000
397667
312125
314875
312166
312125
313125
430083
351417
382666
342333
352584
396417
312166
356667
312125
312166
312167
312125
312125
339500
312125
312167
312125
312125
312166
315000
314833
394834
312125
312125
312167
318500
314875
312166
312125
359334
405041
323250
312375
383750
312125
312166
383166
350500
312125
315125
312125
312125
312167
312250
315166
395000
312083
312209
312125
322416
312167
312083
312167
345959
312125
312125
376834
312125
312125
312167
312125
312166
324917
312125
316708
312167
312125
312125
363583
312208
312125
312083
312208
312167
345542
312084
312125
312209
312125
312208
349125
388875
406791
373333
451750
322250
312125
312209
312125
312125
312166
312125
314792
312167
312125
312125
312125
312208
359625
373708
342709
393041
312209
312166
394667
312125
335333
312167
314875
387667
359000
409666
312125
329208
343542
368000
312125
338250
312166
312417
312125
314250
312125
312167
312125
312125
312167
312250
314833
312166
312125
312125
312125
312250
314792
387000
312166
312125
312125
312166
352792
312125
312166
312125
312125
312208
347750
312125
312167
312125
312125
312167
330250
312167
312166
312083
312167
312167
312166
314875
312167
314250
313459
312208
314834
314875
316541
312125
312167
312125
312125
340875
312125
312125
312167
312125
312166
312250
312125
312167
312167
348208
312125
312125
391250
312167
312125
374625
312167
312125
402292
337625
312167
312125
312125
312166
402459
312125
312166
312125
312167
312166
314917
312083
391209
312083
312125
312333
399458
312125
396000
312083
312208
318708
312125
312167
389167
316708
312209
318000
405375
312167
312125
327250
404416
314917
312083
312125
312208
403750
312125
341375
312166
312167
312167
312125
312166
319833
432875
312166
312125
315750
313709
326750
312458
312125
312208
312334
314875
312125
323875
312125
312125
312167
312125
312125
367208
312167
312125
312125
312167
312167
314916
312125
312125
312125
312167
312125
312250
316708
335959
314917
312125
312167
312125
392291
312125
312209
312083
312167
312125
394000
312542
312208
312125
312167
312167
393125
312166
332500
312125
312167
312125
326209
312166
312166
312084
312208
312125
314875
316541
312125
312167
312167
312166
326459
312125
312166
312125
390875
312125
312250
312167
312125
312167
312167
312125
312208
383667
312125
312125
312209
312125
312166
314875
312125
395334
312167
312125
312166
370208
312125
312167
312167
312125
312125
329917
312125
312125
312166
312125
315208
408667
312167
312167
312125
312125
312167
326208
312166
312167
312167
312083
312166
312125
393208
312125
316917
312125
312125
312125
400833
335958
358709
365000
312375
323959
393583
402791
312125
312209
312125
314875
312166
312167
312167
312125
390250
314875
314042
382583
358209
312125
312166
351792
312167
312125
316709
372083
312125
349209
312083
382208
312167
312083
312167
353333
312125
312125
312166
312125
312167
328541
315084
312125
312125
312167
312083
312208
398625
312125
312167
312167
312166
312083
314917
312125
312208
312167
312083
312167
314875
312125
316666
312167
312125
312167
334083
312125
312209
312125
312166
312125
312167
384791
312125
312167
312125
312125
312167
392000
312125
312208
312125
381500
324250
407584
312166
312167
312167
312125
312125
399250
312125
312125
312167
312166
312125
314959
312125
312166
312125
312125
312167
369583
312167
312166
312125
312125
312167
314834
312166
312209
312125
312166
316917
327750
312125
312208
325417
399209
312209
332000
312167
312125
312125
312209
312125
327333
338375
316000
335625
315208
312125
319083
317417
414667
312167
337584
312166
329208
312125
312167
312167
312166
312167
312167
314834
312208
312125
312125
316583
312125
368000
312125
312125
312167
312208
312125
332375
312167
312125
395958
312208
312125
318584
312125
312166
312167
312167
312166
349000
312125
312167
312167
369583
312125
312250
314916
312125
312209
312083
316917
318375
370875
316375
390875
353666
312125
317417
314875
312125
312166
312125
312209
312166
314834
391000
312208
331958
318042
312125
384375
312125
312167
312125
312125
312125
381792
312166
312167
312167
312166
312125
380500
312125
312167
312125
316750
312125
356958
335084
312125
415334
312125
312125
381833
312125
312167
312166
312125
312125
337958
312125
312167
312166
312084
345542
392208
312125
312167
312167
317916
312125
347667
317000
316208
312167
312125
315375
347375
312125
312208
312125
312167
312125
312125
314875
312125
312125
312166
312125
312125
375292
312083
312167
312125
312167
