0.029338
0.028841
0.029257
0.028957
0.029244
0.031060
0.029472
0.028334
0.028747
0.028954
0.028314
0.028709
0.028659
0.029159
0.028816
0.031015
0.030061
0.029993
0.029087
0.028401
0.028826
0.028916
0.028615
0.028717
0.028938
0.028564
0.028691
0.029018
0.028737
0.029070
0.028963
0.028419
0.028610
0.028769
0.029248
0.029635
0.029195
0.030550
0.030636
0.029157
0.028630
0.028939
0.029413
0.028905
0.029189
0.029098
0.028631
0.030466
0.029905
0.028714
0.029130
0.029574
0.028617
0.029366
0.029116
0.028407
0.030385
0.028737
0.028478
0.028854
0.028849
0.028866
0.028789
0.028855
0.028943
0.031864
0.029819
0.028863
0.028895
0.028722
0.028891
0.028933
0.028798
0.029925
0.030754
0.029751
0.028695
0.028620
0.028631
0.028367
0.028997
0.029143
0.029347
0.030035
0.030780
0.029163
0.029014
0.028616
0.028870
0.028690
0.029049
0.028343
0.028804
0.028666
0.028505
0.028655
0.028578
0.028400
0.028973
0.029133
0.028270
0.028533
0.028870
0.028551
0.028980
0.029309
0.029977
0.030145
0.029074
0.030793
0.029598
0.028885
0.028737
0.029151
0.029097
0.028774
0.030340
0.029442
0.028881
0.053144
0.029280
0.029041
0.030593
0.032226
0.030479
0.029099
0.028720
0.028308
0.028617
0.028824
0.028908
0.029156
0.032126
0.030809
0.032719
0.029970
0.033558
0.031543
0.035337
0.035148
0.031889
0.035031
0.029530
0.029800
0.036780
0.029437
0.029820
0.029769
0.040680
0.032439
0.040595
0.030102
0.029876
0.029587
0.042580
0.029894
0.029967
0.029794
0.032066
0.028648
0.028545
0.028928
0.028886
0.028622
0.029193
0.029027
0.028867
0.028939
0.028773
0.028659
0.030751
0.028858
0.028646
0.028741
0.028836
0.028494
0.028890
0.028792
0.028646
0.028810
0.028905
0.028721
0.029045
0.029333
0.029410
0.029013
0.029290
0.028467
0.031002
0.028806
0.028899
0.029796
0.031934
0.048177
0.029768
0.030232
0.034760
0.033844
0.032131
0.040035
0.030877
0.030421
0.029403
0.029131
0.031616
0.030708
0.030130
0.030036
0.029453
0.029389
0.029159
0.028795
0.028582
0.028710
0.030148
0.029324
0.029271
0.028425
0.030162
0.028935
0.028527
0.028682
0.028712
0.028701
0.028588
0.028585
0.028518
0.028737
0.028673
0.028544
0.029038
0.029084
0.029154
0.029124
0.028611
0.028440
0.030011
0.029608
0.028608
0.028703
0.029228
0.028958
0.029199
0.029219
0.028974
0.029345
0.029140
0.029252
0.029283
0.029419
0.028979
0.028858
0.029041
0.029480
0.030282
0.029914
0.029291
0.029378
0.029358
0.028727
0.028613
0.029056
0.028877
0.030995
0.032184
0.028877
0.028758
0.029542
0.029360
0.028999
0.028981
0.028694
0.032055
0.030194
0.029313
0.029078
0.029064
0.028838
0.028681
0.029285
0.028374
0.028697
0.030872
0.029068
0.029287
0.029173
0.028436
0.028871
0.031208
0.030410
0.030731
0.029061
0.028776
0.028722
0.028673
0.028732
0.029012
0.029141
0.028903
0.029084
0.028691
0.028555
0.028589
0.028878
0.029662
0.029986
0.028828
0.028616
0.029376
0.029706
0.029315
0.029553
0.029675
0.029097
0.029339
0.029288
0.028960
0.029208
0.029739
0.028963
0.029300
0.029886
0.029908
0.042668
0.030498
0.037213
0.029863
0.029208
0.028880
0.028909
0.028557
0.030251
0.030407
0.029680
0.029325
0.029739
0.029894
0.029244
0.028826
0.029563
0.031530
0.030006
0.029179
0.028861
0.029153
0.029100
0.028883
0.029094
0.029133
0.029548
0.030043
0.029575
0.028970
0.028963
0.028898
0.028898
0.029172
0.028685
0.029635
0.029273
0.028890
0.028417
0.028913
0.028893
0.028830
0.028691
0.029503
0.028782
0.029130
0.029089
0.028513
0.029239
0.030966
0.029468
0.029024
0.029176
0.028730
0.029302
0.028901
0.028502
0.028921
0.029413
0.028646
0.028985
0.029742
0.029066
0.029386
0.029309
0.028816
0.028770
0.030715
0.029334
0.029113
0.028826
0.029714
0.029096
0.028727
0.028738
0.028625
0.031093
0.029645
0.029027
0.029106
0.028491
0.029110
0.029162
0.028546
0.029461
0.031368
0.029896
0.029652
0.029058
0.028811
0.028859
0.028671
0.028693
0.028641
0.029512
0.030594
0.053289
0.032242
0.028731
0.029043
0.029013
0.028837
0.028935
0.028866
0.029349
0.029949
0.029391
0.028503
0.028795
0.029045
0.028597
0.028898
0.028847
0.028937
0.028969
0.028936
0.030300
0.028868
0.029296
0.028897
0.029228
0.029281
0.029112
0.029335
0.029412
0.028904
0.029214
0.029205
0.029195
0.029393
0.029451
0.028976
0.029250
0.029149
0.033996
0.030954
0.031155
0.029507
0.029690
0.029260
0.028797
0.029243
0.029215
0.031887
0.029919
0.029502
0.028684
0.028844
0.029091
0.028845
0.028754
0.029928
0.032332
0.029499
0.028933
0.029050
0.029464
0.029309
0.028854
0.029192
0.029054
0.030580
0.029098
0.029866
0.029536
0.030184
0.030069
0.029292
0.029172
0.029054
0.029021
0.028852
0.029424
0.028917
0.028998
0.029241
0.029024
0.029337
0.029560
0.029190
0.029375
0.029717
0.029641
0.031289
0.032162
0.029128
0.029541
0.029391
0.029278
0.029539
0.029387
0.029164
0.029408
0.029090
0.029220
0.029375
0.029230
0.029051
0.029041
0.029142
0.028837
0.030180
0.030149
0.028874
0.029209
0.029058
0.028811
0.029161
0.029172
0.028554
0.029599
0.030919
0.029915
0.029620
0.029768
0.028898
0.028904
0.029182
0.028912
0.034373
0.031696
0.029346
0.029712
0.029650
0.028834
0.028864
0.028895
0.028747
0.029045
0.031832
0.028988
0.029116
0.028838
0.028836
0.028856
0.029119
0.028414
0.028969
0.029182
0.028435
0.030124
0.029810
0.029062
0.028622
0.029475
0.030607
0.030034
0.029696
0.029281
0.029164
0.029123
0.030445
0.029123
0.029229
0.028915
0.029342
0.028971
0.029007
0.029010
0.029282
0.029131
0.029149
0.029203
0.029204
0.028985
0.029469
0.028992
0.029339
0.028868
0.030311
0.029032
0.028926
0.028855
0.029204
0.029718
0.028725
0.028747
0.028968
0.038037
0.031762
0.031812
0.030030
0.029925
0.029667
0.029169
0.029393
0.033717
0.031636
0.029941
0.030725
0.029634
0.029448
0.030145
0.028991
0.029270
0.029443
0.031562
0.029303
0.030722
0.029523
0.029502
0.029354
0.030424
0.030730
0.030938
0.029281
0.029293
0.030861
0.031394
0.030079
0.030442
0.029284
0.029865
0.029370
0.028800
0.029421
0.029243
0.029936
0.031286
0.029494
0.029254
0.052006
0.029338
0.029327
0.029276
0.029526
0.029344
0.029619
0.029640
0.029455
0.029776
0.029956
0.029276
0.030338
0.029395
0.030490
0.029245
0.029069
0.028963
0.029255
0.029672
0.028999
0.029270
0.029397
0.032217
0.029657
0.029416
0.028753
0.028984
0.029227
0.028909
0.028862
0.031915
0.031154
0.029469
0.029016
0.028812
0.029206
0.029335
0.028677
0.028685
0.028985
0.030296
0.029021
0.029471
0.029194
0.029631
0.029469
0.028999
0.029208
0.029204
0.028866
0.029089
0.029171
0.029506
0.029271
0.029236
0.028852
0.029127
0.029099
0.028841
0.029051
0.029118
0.028797
0.029176
0.031490
0.028909
0.029211
0.029344
0.029308
0.029712
0.029360
0.029589
0.029795
0.029695
0.029238
0.029660
0.029672
0.029193
0.029044
0.029298
0.029168
