0.011200
0.010875
0.010655
0.010800
0.010787
0.010527
0.010616
0.010585
0.010535
0.010789
0.010744
0.010658
0.010525
0.010772
0.010544
0.010654
0.010784
0.010642
0.010623
0.010571
0.010489
0.010522
0.010521
0.010527
0.010488
0.010565
0.010509
0.010636
0.010535
0.010949
0.010918
0.010663
0.010623
0.010546
0.010560
0.012155
0.011491
0.012078
0.010661
0.010612
0.010600
0.010483
0.010650
0.010536
0.010615
0.010928
0.010753
0.010501
0.010575
0.010552
0.010540
0.010473
0.010561
0.010480
0.010628
0.010479
0.010592
0.010842
0.010679
0.010585
0.010725
0.010777
0.010748
0.010703
0.010523
0.010564
0.010535
0.010591
0.010640
0.010710
0.010754
0.010652
0.010569
0.010527
0.010639
0.010852
0.010508
0.010646
0.010559
0.010508
0.010588
0.011011
0.011271
0.010958
0.010769
0.010614
0.010642
0.010782
0.010733
0.010811
0.011391
0.010951
0.011297
0.010888
0.010810
0.010512
0.010614
0.010487
0.010584
0.010725
0.010688
0.010767
0.010765
0.010736
0.010709
0.010666
0.010573
0.010674
0.010715
0.010603
0.010615
0.010746
0.010544
0.010607
0.010594
0.010789
0.010628
0.010722
0.010519
0.010814
0.010961
0.010730
0.010741
0.010594
0.010595
0.010787
0.010705
0.010522
0.010598
0.010666
0.010482
0.010554
0.010503
0.010536
0.010627
0.010505
0.010553
0.010495
0.010593
0.010479
0.010592
0.010475
0.010556
0.010749
0.010678
0.010587
0.010552
0.010791
0.010952
0.010699
0.010515
0.010601
0.010578
0.010533
0.010534
0.010559
0.010520
0.010612
0.010722
0.010693
0.010726
0.010706
0.010680
0.010682
0.010892
0.010616
0.010676
0.010767
0.010516
0.010648
0.011232
0.010823
0.010646
0.010654
0.010548
0.010619
0.010513
0.010612
0.010822
0.010542
0.010521
0.010571
0.010504
0.010489
0.010638
0.010626
0.010725
0.010718
0.010733
0.010726
0.010651
0.010477
0.010543
0.010537
0.010522
0.010575
0.010538
0.010531
0.010717
0.010556
0.010508
0.010520
0.010558
0.010602
0.010496
0.010525
0.010525
0.010499
0.010510
0.010520
0.010928
0.010629
0.010740
0.010735
0.010638
0.010592
0.010644
0.010737
0.011252
0.010550
0.010561
0.010546
0.010699
0.010737
0.010766
0.010697
0.010724
0.010599
0.010500
0.010648
0.010496
0.010479
0.010587
0.010496
0.010605
0.010722
0.010589
0.010683
0.010722
0.010577
0.010521
0.010636
0.010602
0.010510
0.010519
0.010676
0.010565
0.010587
0.010697
0.010507
0.010562
0.010506
0.010543
0.010519
0.010615
0.010612
0.010744
0.010711
0.010535
0.010507
0.010571
0.010533
0.010523
0.010678
0.010903
0.011519
0.012510
0.010575
0.010653
0.010673
0.010619
0.010574
0.010518
0.010547
0.010541
0.010653
0.010720
0.010515
0.010505
0.010690
0.010587
0.010547
0.011982
0.010719
0.010606
0.010709
0.010484
0.010588
0.010695
0.010695
0.010698
0.010819
0.010517
0.010501
0.010605
0.010664
0.010657
0.010715
0.010699
0.010718
0.010663
0.010563
0.010734
0.010760
0.010678
0.010631
0.010721
0.010724
0.010781
0.010503
0.010572
0.010552
0.010470
0.010522
0.010615
0.010541
0.010579
0.010538
0.010513
0.010569
0.010540
0.010515
0.010508
0.010519
0.010489
0.010534
0.010635
0.010503
0.010541
0.010707
0.010662
0.010489
0.010424
0.010546
0.010545
0.010645
0.010717
0.010786
0.010660
0.010707
0.010661
0.010734
0.010679
0.010686
0.010713
0.010688
0.010857
0.010530
0.010637
0.010553
0.010720
0.010993
0.010977
0.010566
0.010604
0.010619
0.010731
0.010695
0.010718
0.010666
0.010589
0.010746
0.010529
0.010531
0.010500
0.010514
0.010474
0.010549
0.010640
0.010712
0.010727
0.010724
0.010678
0.010712
0.010669
0.010693
0.010729
0.010642
0.010654
0.010548
0.010503
0.010540
0.010432
0.010515
0.010644
0.010463
0.010601
0.010717
0.010696
0.010717
0.010673
0.010694
0.010869
0.010616
0.010495
0.011293
0.010870
0.010533
0.011194
0.011220
0.010612
0.010527
0.010541
0.010563
0.010650
0.010531
0.010650
0.010671
0.010634
0.010637
0.010539
0.010537
0.010534
0.010579
0.010569
0.010459
0.010547
0.010462
0.010538
0.010551
0.010561
0.010549
0.010527
0.010478
0.010626
0.010528
0.010531
0.010481
0.010615
0.010514
0.010644
0.010511
0.010475
0.010574
0.010621
0.010547
0.010582
0.010520
0.010681
0.010742
0.010748
0.010497
0.010505
0.010893
0.011188
0.011823
0.011507
0.011671
0.011341
0.011426
0.011377
0.011220
0.011004
0.010686
0.010736
0.010601
0.010656
0.010658
0.010682
0.010533
0.010532
0.010537
0.010533
0.010598
0.010561
0.010630
0.010486
0.010630
0.010707
0.010564
0.010512
0.010502
0.010514
0.010464
0.010629
0.010691
0.010750
0.010723
0.010725
0.010566
0.010586
0.010532
0.010920
0.010731
0.010712
0.010541
0.011017
0.010792
0.010691
0.010717
0.010596
0.010636
0.010521
0.010525
0.010532
0.010511
0.010559
0.010580
0.010591
0.010516
0.010542
0.010564
0.010530
0.010570
0.010465
0.010668
0.010644
0.010699
0.010682
0.010678
0.010859
0.011084
0.010501
0.010554
0.010475
0.010672
0.010558
0.010582
0.010648
0.010751
0.010721
0.010708
0.010468
0.010620
0.010597
0.010685
0.010699
0.010689
0.010867
0.010644
0.010509
0.010547
0.010548
0.011702
0.010740
0.010647
0.010509
0.010506
0.010541
0.010468
0.010473
0.010485
0.010542
0.010644
0.010472
0.010621
0.010519
0.010566
0.010639
0.010672
0.010689
0.010653
0.010681
0.010650
0.010671
0.010727
0.010670
0.010713
0.010672
0.010697
0.010742
0.010676
0.010689
0.010701
0.010675
0.010719
0.010647
0.010693
0.010775
0.010519
0.010607
0.010657
0.010704
0.010902
0.010702
0.010708
0.010617
0.010701
0.010889
0.010722
0.011062
0.010731
0.010790
0.010529
0.010599
0.010564
0.010489
0.010587
0.010600
0.010531
0.010576
0.010622
0.010512
0.010547
0.010666
0.010509
0.010462
0.010520
0.010704
0.010701
0.010663
0.010665
0.010614
0.010704
0.010725
0.010604
0.010484
0.010673
0.010729
0.010696
0.010689
0.010740
0.010684
0.010672
0.010773
0.010637
0.010571
0.010502
0.010536
0.010941
0.010650
0.010565
0.010590
0.010610
0.010532
0.010502
0.010662
0.011223
0.011821
0.010713
0.010769
0.010760
0.010628
0.010648
0.010700
0.010558
0.010602
0.010624
0.010519
0.010675
0.010638
0.010558
0.010497
0.010554
0.010467
0.010586
0.010732
0.010538
0.010560
0.010626
0.010498
0.010564
0.010568
0.010520
0.010532
0.010497
0.010539
0.010527
0.010697
0.010696
0.010828
0.010595
0.010515
0.010534
0.010809
0.010670
0.010620
0.010681
0.010515
0.010617
0.010916
0.010571
0.010579
0.010550
0.010527
0.010550
0.010515
0.010629
0.010789
0.010754
0.010525
0.010531
0.010635
0.010547
0.010690
0.010596
0.010721
0.010673
0.010676
0.010559
0.010584
0.010509
0.010603
0.010986
0.010463
0.010551
0.010557
0.010506
0.010508
0.010662
0.010507
0.010430
0.010559
0.010660
0.010681
0.010731
0.010663
0.010773
0.010676
0.010697
0.010925
0.010624
0.010592
0.010484
0.010642
0.012083
0.010585
0.010528
0.010535
0.010500
0.010538
0.010488
0.010550
0.010594
0.010593
0.010767
0.010763
0.010459
0.010528
0.010547
0.010523
0.010835
0.010598
0.010504
0.010597
0.010528
0.010518
0.010482
0.010600
0.010617
0.010527
0.010521
0.010580
0.010623
0.010642
0.010605
0.010491
0.010612
0.010508
0.010440
0.010416
0.010514
0.010495
0.010534
0.010757
0.010734
0.010567
0.010621
0.010747
0.010561
0.010599
0.010817
0.011523
0.010717
0.011964
0.010496
0.010590
0.010701
0.010466
0.010654
0.010532
0.010684
0.010497
0.010510
0.010504
0.010616
0.010562
0.010488
0.010633
0.010512
0.010546
0.010580
0.010514
0.010623
0.010546
0.010502
0.010455
0.010570
0.010470
0.010457
0.010523
0.010476
0.010572
0.010457
0.010550
0.010572
0.010534
0.010608
0.010501
0.010510
0.010502
0.011075
0.010811
0.010492
0.010468
0.010522
0.010651
0.010651
0.010866
0.012214
0.011059
0.010552
0.010637
0.010605
0.010521
0.010651
0.010692
0.010867
0.010772
0.010738
0.010713
0.010461
0.010589
0.010729
0.010743
0.010832
0.010684
0.010575
0.010707
0.010568
0.010499
0.010575
0.010561
0.010618
0.010668
0.010610
0.010575
0.010552
0.010511
0.010487
0.010665
0.010689
0.010712
0.010700
0.011599
0.011098
0.011340
0.011251
0.013435
0.011421
0.011101
0.010991
0.011234
0.012776
0.012353
0.011440
0.013388
0.013417
0.011104
0.013875
0.010904
0.014017
0.010988
0.011035
0.010894
0.014856
0.010891
0.010990
0.011053
0.010972
0.010952
0.011192
0.011016
0.010928
0.015229
0.012550
0.010907
0.010989
0.010984
0.010919
0.010965
0.010900
0.010898
0.010887
0.017274
0.011179
0.011129
0.011191
0.011022
0.011113
0.010956
0.021793
0.012217
0.011676
0.011434
0.011895
0.011425
0.011495
0.011624
0.011389
0.011110
0.011054
0.024014
0.011007
0.010985
0.011456
0.011125
0.010968
0.011661
0.011337
0.014175
0.010666
0.010679
0.010774
0.010698
0.010746
0.010700
0.010699
0.010697
0.010668
0.010694
0.010663
0.010692
0.010653
0.010694
0.010658
0.010688
0.010650
0.010928
0.010743
0.010543
0.010571
0.010647
0.010509
0.010554
0.010895
0.011039
0.010496
0.010670
0.010669
0.010681
0.015932
0.010622
0.010547
0.010575
0.010812
0.010555
0.010678
0.010463
0.010553
0.010539
0.010710
0.010735
0.010751
0.010795
0.010692
0.010563
0.010517
0.010592
0.010691
0.010568
0.010553
0.010733
0.010667
0.010560
0.010501
0.010681
0.010709
0.010669
0.010700
0.010518
0.010710
0.010717
0.010856
0.010563
0.010576
0.010656
0.010799
0.010505
0.010561
0.010528
0.010696
0.012411
0.011756
0.010938
0.010531
0.010618
0.010573
0.010627
0.010603
0.010548
0.010559
0.010472
0.010516
0.010585
0.010489
0.010949
0.011053
0.011279
0.010972
