0.014650
0.013417
0.013177
0.012486
0.012573
0.012649
0.012454
0.012480
0.012822
0.012472
0.012476
0.012507
0.012531
0.012478
0.012472
0.012495
0.012492
0.012487
0.012564
0.012505
0.012498
0.012480
0.012517
0.012489
0.012553
0.012503
0.012520
0.012496
0.013010
0.013298
0.013124
0.013667
0.013079
0.012993
0.013006
0.013052
0.013053
0.013028
0.013020
0.013413
0.013583
0.013455
0.013098
0.013016
0.013134
0.013155
0.013032
0.012960
0.012696
0.012766
0.012755
0.012889
0.012805
0.012970
0.012802
0.012871
0.012836
0.012838
0.012710
0.012782
0.012887
0.013110
0.012808
0.012586
0.012572
0.012531
0.012513
0.012825
0.012545
0.012472
0.012473
0.012823
0.013016
0.013117
0.012445
0.012502
0.012504
0.012523
0.012504
0.012494
0.012527
0.012541
0.012462
0.012599
0.012504
0.012476
0.012490
0.012521
0.012429
0.012379
0.012478
0.012507
0.012482
0.012553
0.012433
0.012491
0.012545
0.012515
0.012616
0.012583
0.012484
0.012787
0.012612
0.012488
0.012566
0.012507
0.012485
0.012896
0.012404
0.012427
0.012399
0.012478
0.012716
0.012686
0.012536
0.012638
0.012601
0.012599
0.012486
0.012499
0.013676
0.012680
0.012513
0.012564
0.012535
0.012443
0.012473
0.012601
0.012460
0.012574
0.012513
0.012483
0.012650
0.012496
0.012418
0.012511
0.012379
0.012565
0.012499
0.012485
0.012488
0.012705
0.013397
0.013307
0.013458
0.013359
0.013351
0.013829
0.013378
0.012926
0.012727
0.012509
0.012425
0.012688
0.012543
0.012534
0.012504
0.012556
0.012498
0.012504
0.012533
0.012560
0.012658
0.012531
0.012476
0.012492
0.012519
0.012600
0.012400
0.012406
0.012512
0.012503
0.012533
0.012514
0.012478
0.012539
0.012491
0.012519
0.012524
0.012566
0.012507
0.012902
0.013516
0.013460
0.013805
0.013340
0.013622
0.013779
0.014137
0.013557
0.013670
0.013282
0.013357
0.013370
0.013150
0.013499
0.012769
0.012783
0.013442
0.012878
0.013217
0.013339
0.013250
0.012920
0.012759
0.013273
0.013069
0.013063
0.012861
0.013062
0.012896
0.012886
0.012794
0.012730
0.012809
0.012855
0.012733
0.012882
0.012726
0.012684
0.012555
0.012570
0.012541
0.012564
0.012618
0.012727
0.012735
0.012647
0.012677
0.013860
0.014650
0.013391
0.013214
0.013368
0.013121
0.013311
0.013026
0.012975
0.012809
0.012717
0.012654
0.012569
0.012549
0.012538
0.012641
0.012663
0.012479
0.012614
0.012539
0.012600
0.012632
0.012643
0.012581
0.012533
0.012813
0.012760
0.012759
0.012890
0.012676
0.012949
0.012861
0.012618
0.012818
0.012575
0.012561
0.013309
0.012848
0.012623
0.012588
0.012850
0.013308
0.013698
0.014102
0.014869
0.013866
0.015307
0.013644
0.013050
0.013028
0.013107
0.013556
0.013050
0.012699
0.012713
0.012863
0.012717
0.013055
0.018620
0.057291
0.022255
0.013910
0.013087
0.012621
0.012826
0.012798
0.012698
0.012728
0.012768
0.014439
0.014869
0.013535
0.012769
0.021084
0.022225
0.017580
0.015466
0.014194
0.013294
0.015238
0.013437
0.013562
0.013727
0.015198
0.014324
0.013550
0.013530
0.012938
0.012848
0.012833
0.013067
0.012583
0.012975
0.012781
0.012850
0.012788
0.012594
0.014678
0.014188
0.013515
0.013235
0.013156
0.013213
0.014429
0.015149
0.016251
0.015747
0.014159
0.013890
0.013605
0.012919
0.012901
0.012989
0.012931
0.013363
0.013311
0.013200
0.013186
0.013503
0.013776
0.013073
0.012910
0.012937
0.013104
0.012901
0.012860
0.013092
0.013064
0.012914
0.012723
0.012929
0.013108
0.013085
0.012690
0.012689
0.012632
0.012854
0.012580
0.012575
0.012720
0.012521
0.012484
0.012586
0.012518
0.012567
0.012651
0.013026
0.012640
0.012634
0.012644
0.012812
0.012835
0.012831
0.012810
0.012687
0.012837
0.015439
0.015899
0.014046
0.013446
0.013198
0.013054
0.012975
0.013021
0.012976
0.013123
0.012965
0.012974
0.013219
0.013082
0.013031
0.013168
0.012877
0.012586
0.012567
0.013526
0.013463
0.013432
0.013707
0.013409
0.013039
0.012907
0.012843
0.012855
0.012819
0.012623
0.012415
0.012575
0.012607
0.012578
0.012997
0.012872
0.012783
0.012698
0.012500
0.012665
0.012530
0.012671
0.012464
0.014457
0.013872
0.013186
0.014215
0.012802
0.012617
0.012580
0.012651
0.012632
0.012471
0.012483
0.012533
0.012556
0.012429
0.012499
0.012546
0.012637
0.012398
0.012613
0.012501
0.012589
0.012629
0.012724
0.012586
0.012617
0.012593
0.012528
0.012562
0.012569
0.012556
0.012589
0.012556
0.012585
0.012724
0.012589
0.012652
0.012666
0.012697
0.013185
0.012720
0.012602
0.012631
0.012530
0.012726
0.012780
0.012540
0.012455
0.012483
0.012627
0.012530
0.012889
0.013456
0.013370
0.013031
0.012717
0.012751
0.012872
0.012857
0.012765
0.012685
0.012810
0.012699
0.012740
0.012731
0.012627
0.012683
0.012919
0.012705
0.012923
0.012791
0.013840
0.012972
0.012706
0.012807
0.012693
0.012617
0.012705
0.012823
0.012736
0.012690
0.012739
0.012887
0.013166
0.012837
0.012650
0.012715
0.012830
0.013135
0.013052
0.013290
0.013571
0.013356
0.014301
0.013957
0.015114
0.016398
0.015425
0.013224
0.012806
0.012665
0.012633
0.012710
0.012728
0.012580
0.012753
0.012691
0.012681
0.012681
0.012822
0.012545
0.012769
0.012596
0.013364
0.015069
0.013187
0.013742
0.013077
0.013153
0.013023
0.012906
0.012635
0.012602
0.012459
0.012884
0.012533
0.012678
0.012876
0.012540
0.012630
0.012493
0.012494
0.012713
0.013317
0.013389
0.013747
0.013824
0.012749
0.012570
0.012482
0.012611
0.012415
0.012512
0.012624
0.012657
0.012487
0.012576
0.012886
0.012710
0.012494
0.012647
0.012562
0.012585
0.012464
0.012528
0.012608
0.038987
0.017516
0.013286
0.012980
0.012957
0.012940
0.012892
0.012680
0.012560
0.012742
0.012694
0.012627
0.012814
0.013096
0.012632
0.012748
0.012901
0.012956
0.012810
0.012585
0.012630
0.012609
0.012533
0.012540
0.012633
0.012501
0.012430
0.012656
0.012491
0.012451
0.012714
0.012652
0.014564
0.013613
0.016504
0.015753
0.016443
0.017141
0.014625
0.016024
0.017218
0.016327
0.015754
0.015609
0.015598
0.017820
0.015875
0.017204
0.014054
0.014483
0.013936
0.014568
0.013878
0.013664
0.013567
0.013391
0.013087
0.013085
0.014252
0.016547
0.015921
0.016003
0.016305
0.014656
0.014363
0.015136
0.013592
0.013744
0.013573
0.013691
0.013693
0.014448
0.013864
0.013689
0.013450
0.013697
0.013307
0.013522
0.013104
0.012990
0.012789
0.012788
0.012664
0.012511
0.012490
0.012670
0.012780
0.012674
0.012642
0.012766
0.012705
0.012634
0.012743
0.012726
0.012727
0.012810
0.012720
0.012573
0.012667
0.012781
0.012759
0.012700
0.012750
0.012640
0.012580
0.012668
0.012619
0.012718
0.012986
0.012651
0.012560
0.013309
0.018297
0.014981
0.013529
0.013539
0.013574
0.013374
0.013301
0.013052
0.013046
0.013189
0.012853
0.013150
0.013115
0.013062
0.013239
0.013063
0.013095
0.013158
0.015779
0.014972
0.014414
0.014081
0.014503
0.013631
0.014001
0.013372
0.013113
0.013114
0.012986
0.013131
0.013553
0.013334
0.013386
0.013347
0.013373
0.013274
0.012865
0.012745
0.012697
0.012852
0.012853
0.013208
0.015014
0.013356
0.012956
0.012989
0.012995
0.012816
0.012513
0.012573
0.012682
0.012589
0.012596
0.012524
0.012684
0.012484
0.012616
0.012584
0.012605
0.012722
0.012485
0.012525
0.012735
0.012689
0.012651
0.012517
0.012562
0.012629
0.012616
0.012622
0.012652
0.012649
0.012836
0.012873
0.012792
0.012761
0.012768
0.012469
0.012506
0.012516
0.013310
0.013596
0.012994
0.012953
0.012851
0.012765
0.012487
0.012457
0.012583
0.012497
0.012477
0.012549
0.012817
0.012685
0.012619
0.012588
0.012671
0.012750
0.012655
0.012435
0.012747
0.012759
0.013772
0.012882
0.012707
0.012520
0.012698
0.012638
0.012748
0.012798
0.012848
0.012753
0.012841
0.012746
0.012740
0.012624
0.012660
0.012792
0.012815
0.012517
0.012652
0.012533
0.013788
0.013392
0.012906
0.012677
0.012693
0.012663
0.012741
0.012633
0.012678
0.012884
0.012706
0.012633
0.012655
0.012782
0.012812
0.012687
0.012558
0.012677
0.012685
0.012816
0.012599
0.015701
0.014047
0.013397
0.013089
0.012815
0.012644
0.012582
0.012777
0.012915
0.012669
0.012550
0.012679
0.012535
0.012489
0.012624
0.013416
0.013237
0.012948
0.012891
0.013297
0.014446
0.013327
0.013603
0.012976
0.012926
0.012920
0.013335
0.013807
0.013003
0.012962
0.013048
0.013030
0.012692
0.012662
0.012573
0.012725
0.013290
0.012624
0.012585
0.012476
0.012507
0.012542
0.013605
0.013774
0.013346
0.013483
0.013182
0.012926
0.012940
0.012955
0.012888
0.012745
0.012740
0.013131
0.013558
0.013197
0.013269
0.013269
0.013403
0.013151
0.012645
0.012519
0.012548
0.012510
0.012472
0.012618
0.012466
0.012462
0.012675
0.012611
0.012522
0.012481
0.012622
0.012494
0.012463
0.012507
0.012660
0.012516
0.012597
0.012528
0.012520
0.012614
0.012724
0.012733
0.012798
0.012782
0.012538
0.012539
0.012542
0.012543
0.012456
0.012396
0.013036
0.013696
0.012972
0.012833
0.012980
0.013018
0.013015
0.013087
0.013119
0.013042
0.012957
0.012799
0.012931
0.012857
0.012687
0.012694
0.012728
0.012777
0.012766
0.012774
0.012548
0.013926
0.013058
0.012626
0.012630
0.012788
0.012794
0.012659
0.012770
0.012642
0.012893
0.012909
0.012809
0.012851
0.012874
0.012887
0.013034
0.012666
0.012582
0.012519
0.013798
0.013447
0.012882
0.013041
0.012731
0.012711
0.012719
0.012536
0.012451
0.012543
0.012529
0.012537
0.012453
0.012454
0.012500
0.012468
0.012510
0.012674
0.012521
0.012494
0.012569
0.013388
0.013819
0.012994
0.012926
0.012970
0.012664
0.012508
0.012471
0.012563
