30019750
28473875
25917667
21593541
14261292
12475750
12637417
12668833
11979041
11861791
11996625
11848333
11928417
12616042
11989459
11850375
11674459
11575167
11631459
11784875
11600416
11993792
11652042
11633125
11555125
11929708
11737167
12931000
12311750
11749167
12797625
12890167
12935250
13082208
12845750
13154875
13243584
11835792
11822542
11950875
11921875
11679000
11865042
11792708
11803458
11734042
11711125
11758333
11728500
11752709
11706791
11781458
11780125
11811083
11774917
11685750
11702333
11720541
11737250
11773625
11685250
11798417
11656375
11765542
12136166
11779375
11824542
11753917
11910666
11828333
11799625
11775041
11747333
11817083
11796333
11933416
11781292
11757125
12002583
11673792
11610542
11628792
11666084
11548417
11659000
11622875
11604417
11728208
11690708
11638792
11584834
11642292
11637666
11610791
11742834
11644292
11570500
11654833
11631292
11558834
11610416
11604792
11552875
11576666
11529542
11598541
11769209
11562708
11561334
11552666
11535667
11525709
11564667
11514417
11580875
11538333
11498292
11532791
11529791
11502542
11605500
11553042
11529958
11542375
11508834
11496875
11523000
11511542
11506000
11583916
11511458
11530416
11516000
11505834
11519459
11564208
11575791
11617875
11596000
11547625
11521709
11538125
11558875
11516458
11524875
11516375
11512375
11501666
11520542
11519000
11555666
11544292
11532250
11531584
11530916
11523583
11547208
11572041
11542375
11552292
11538334
11516083
11514958
11518458
11911375
13063708
12136542
11693583
11572625
11550792
11585625
11619583
11541541
11621916
11523750
11507333
11734459
11829750
11634458
11668916
11568667
11510500
11565667
11861708
11663459
11564000
11873167
12018917
12956083
12443959
12640083
11865167
11554458
11622917
11605958
11754833
11591083
11597500
11564583
11535041
11537708
11562458
11540875
11535750
11626083
11552125
11546708
11559167
11530000
12141750
12975500
12081208
11655083
11597916
11567708
11591333
11516334
11556208
11613708
11757667
11564625
11614667
11604209
11606292
11672583
11583291
11542167
11551500
11524833
11515417
11527292
11577334
13106875
11882833
11622875
11549375
11638708
11615917
11565417
11890916
11876667
11545708
11527750
11502000
11547292
11535625
11512542
11538625
11583958
11515291
11515875
11533709
11515500
13448500
12895667
13931375
12246166
11505500
11538334
11546375
11540667
11438416
11450375
11461041
11448916
11665375
11519541
11467459
11460375
11578042
11557958
11528708
11514417
11444375
11430958
11470375
11430709
11474459
12724209
11674583
11591042
11537000
11600375
11523375
11506792
11494416
11466541
11470541
11501333
11455667
11447500
11451750
11464959
11453042
11456667
11452250
11449667
11447667
11468292
11480209
11443417
11472916
11512917
11493666
11493583
11459500
11480625
11491167
11480000
11454375
11445459
11458042
11438792
11447333
11437833
11427750
11432750
11443083
11434542
11433042
11449500
11451375
11434916
11448375
11451250
11439291
11449750
11433333
11437042
11462041
11430666
11433000
11450459
11472083
11478000
11442292
11442583
11452375
11518750
11470084
11463667
11575584
11595458
11540500
11502167
11513333
11506542
11506584
11522000
11535916
11505084
11517541
11491166
11504958
11605083
11677750
11512125
11502792
11514042
11522416
11514084
11499375
11503791
11504750
11805875
11533542
11548125
11531792
11512916
11503792
11501500
11522542
11511333
11510917
11513416
11499208
11495542
11651000
11593041
11575625
11533333
11555541
11547417
11670416
11605416
11547291
11541708
11539291
11559666
11537625
11521458
11542959
11565459
11548250
11575708
11554750
11557500
11559958
11506417
11551375
11517708
11530833
11517125
11505625
11511083
12169250
12870875
12869292
11696667
11502958
11565583
11556375
11613375
11557667
11535166
11546250
11556625
11588583
11539917
11543333
11540209
11537083
11793875
12095000
11877625
11561416
11532583
11555791
13474917
11508541
11458250
11449375
11440208
11448000
11441375
11444792
11448542
11447500
11467625
11441083
11446542
11477417
11444500
11435292
11462084
11462916
11457167
11462333
11433250
11443584
11459958
11716625
11439458
11430833
11440417
11470459
11442125
11434875
11517833
12135791
12239416
12223250
12166417
12194375
12403334
12238333
11602875
11520666
11443542
11455042
11488542
11467750
11444292
11521375
11505583
11514708
11485792
11488458
11481584
11473292
11477375
11454750
11542541
11535375
11479000
11480542
11519333
11542875
11533916
11473042
11478417
11522541
11500291
11483583
11438292
11425750
11425416
11424375
11473167
11427250
11492375
11486250
11421875
11428000
11442334
11461625
11442417
11479250
11473958
11448417
11421167
11460250
11458083
11505292
11474833
11442041
11541375
11513250
11538208
11493583
11499083
11492791
11499041
11520541
11511250
11505084
11539875
11731209
11630334
11559250
11508334
11510458
11518333
11520875
11525541
11514709
11508375
11743875
11500708
11501584
11509459
11492500
11499416
11506041
11487000
11543333
11521417
11503416
11504083
11487334
11514708
11498667
11500459
11527875
11504625
11487291
11487959
11517500
11532333
11611584
11494208
11496292
11518666
11526792
11501000
11486125
11494583
11502958
11504833
11503042
11488667
11513750
11503375
11503834
11515375
11493083
11505500
11508792
11490333
11493792
11547375
11504792
11649750
11692125
11560459
11561833
11539541
11531750
11552875
11532750
11537542
11577958
11510250
11488084
11563833
11569500
11561875
11513500
11529916
11502167
11524667
11511250
11620084
13343417
11501791
11511125
11504166
11491792
11460083
11476709
11460875
11497791
11459833
11476291
11473709
11496916
11470750
11458333
11470042
11454542
11478584
11464375
11456208
11456750
11816583
11472667
11466792
11473625
11454875
11469625
11533000
11469208
11469042
11457709
11485333
11481708
11497959
11457750
11469958
11496334
11468375
11502208
11533542
11491208
11471875
11481750
11473833
11498959
11493875
11456541
11460167
11445875
11451292
11491833
11484250
11459000
11453042
11448375
11487916
11468500
11452917
11452916
11450208
11460917
11484708
11451875
11446209
11455959
11460833
11463500
11491000
11495167
11482875
11476542
11501625
11467875
11534209
11477667
11478250
11463417
11455500
11484542
11473459
11463459
11446542
11446500
11445583
11476250
11459625
11485500
11590208
11625625
11589083
11537250
11537500
11548167
11550042
11554208
11544166
11535333
11745125
11696959
11526166
11510625
11529625
11523292
11525833
11520708
11507625
11543666
11527917
11836542
11604917
11522667
11515042
11536000
11510792
11500125
11515709
11505791
11521458
11501625
11498000
11500417
11511667
11510333
11521375
11523250
11500541
11504750
11521583
11512000
11512666
11494833
11500917
11516375
11514625
11514458
11500167
11509167
11504791
11494667
11496583
11508792
11506542
11523208
11576792
11538708
11574375
11559541
11538250
11523209
11553291
11554167
11563375
11533708
11523375
11528667
11540250
11535500
11543250
11526250
11530458
11527875
11563333
11536958
11559917
11525333
11532333
11537125
11520125
11556750
11529625
11547208
11546084
11526084
11559000
13385125
11516375
11456416
11465667
11462250
11473792
11479042
11451250
11470416
11452625
11446208
11479917
11457791
11456083
11470209
11448750
11451833
11477166
11467292
11440417
11455041
11630583
11495667
11461375
11469167
11453917
11451750
11465916
11466583
11442834
11463709
11445625
11468042
11442917
11455958
11438750
11457709
11449916
11444042
11473958
11464542
11466167
11475375
11441583
11441459
11461125
11450958
11454292
11446250
11443250
11463166
11477667
11452458
11446208
11445750
11462792
11469834
11448875
11454084
11443209
11476708
11450625
11466375
11451625
11448792
11455833
11452833
11442916
11476125
11456083
11449625
11452542
11445791
11488709
11449167
11451125
11451000
11456958
11463791
11490833
11460083
11536291
11460292
11460208
11533792
11598042
11475041
11465834
11561375
11516750
11564708
11519834
11515208
11506375
11512334
11562000
11629833
11836291
11548875
11524375
11542792
11569417
11522916
11543375
11538709
11529583
11513167
11521583
11659917
11681292
11513084
11502875
11522250
11572208
11547875
11989666
12361250
12240833
12362875
12278625
12340709
12561250
11934583
11608500
11523834
11505875
11495125
11495125
11490083
11525375
11523375
11503167
11490834
11493250
11504792
11512084
11520250
11490875
11550917
11611041
11564208
11506000
11504375
11504500
11509875
11494750
11518625
11496250
11530416
11536667
11495917
11520375
11506000
11498375
11501625
11496333
11498917
11520458
11527375
11500292
11506792
11503834
11500458
11536750
11496542
11490375
11567709
11613500
11527042
11489375
11500583
11494625
11507791
11509416
11625583
13355542
11511708
11473042
11425708
11412917
11435084
11416333
11421042
11439416
11414459
11439459
11415000
11442375
11417292
11415834
11412875
11430500
11413583
11401584
11424208
11712958
11412500
11431042
11411958
11408042
11408625
11434834
11442958
11425708
11414042
11412125
11415209
11431292
11425416
11408875
11405625
11415459
11425834
11405750
11422334
11466083
11412875
11411750
11409625
11450541
11412750
11411750
11425750
